Bingo!
     0    1    2    3    4
0  100  100  100  100  100
1   10   16   15  100   19
2   18    8  100   26   20
3   22  100   13    6  100
4  100  100   12    3  100
Bingo!
     0    1    2    3    4
0  100  100  100  100  100
1  100   16   15  100   19
2   18    8  100   26   20
3   22  100   13    6  100
4  100  100   12    3  100
Bingo!
     0    1    2    3    4
0   22   13  100  100  100
1    8  100  100  100  100
2  100  100  100  100  100
3    6  100    3   18  100
4    1   12   20   15   19
Bingo!
     0    1    2    3    4
0   22  100  100  100  100
1    8  100  100  100  100
2  100  100  100  100  100
3    6  100    3   18  100
4    1   12   20   15   19
Bingo!
     0    1    2    3    4
0   22  100  100  100  100
1    8  100  100  100  100
2  100  100  100  100  100
3  100  100    3   18  100
4    1   12   20   15   19
Bingo!
     0    1    2    3    4
0   22  100  100  100  100
1    8  100  100  100  100
2  100  100  100  100  100
3  100  100    3   18  100
4    1   12   20  100   19
Bingo!
     0    1    2    3    4
0   22  100  100  100  100
1    8  100  100  100  100
2  100  100  100  100  100
3  100  100    3   18  100
4    1   12   20  100   19
Bingo!
     0    1    2    3    4
0   22  100  100  100  100
1    8  100  100  100  100
2  100  100  100  100  100
3  100  100    3   18  100
4    1  100   20  100   19
Bingo!
     0    1    2    3    4
0  100  100  100  100  100
1    8  100  100  100  100
2  100  100  100  100  100
3  100  100    3   18  100
4    1  100   20  100   19
Bingo!
     0    1    2    3    4
0  100  100  100  100  100
1    8  100  100  100  100
2  100  100  100  100  100
3  100  100    3  100  100
4    1  100   20  100   19
Bingo!
     0    1    2    3    4
0  100  100  100  100  100
1    8  100  100  100  100
2  100  100  100  100  100
3  100  100    3  100  100
4    1  100  100  100   19
Bingo!
     0    1    2    3    4
0  100  100  100  100  100
1  100  100  100  100  100
2  100  100  100  100  100
3  100  100    3  100  100
4    1  100  100  100   19
Bingo!
     0    1    2    3    4
0  100  100  100  100  100
1  100  100  100  100  100
2  100  100  100  100  100
3  100  100    3  100  100
4    1  100  100  100  100
Bingo!
     0    1    2    3    4
0  100  100  100  100  100
1  100  100  100  100  100
2  100  100  100  100  100
3  100  100  100  100  100
4    1  100  100  100  100
Bingo!
     0    1    2    3    4
0  100  100  100  100  100
1  100  100  100  100  100
2  100  100  100  100  100
3  100  100  100  100  100
4    1  100  100  100  100
Bingo!
     0    1    2    3    4
0  100  100  100  100  100
1  100  100  100  100  100
2  100  100  100  100  100
3  100  100  100  100  100
4  100  100  100  100  100
     0    1    2    3    4
0  100  100  100  100  100
1  100  100  100  100  100
2  100  100  100  100  100
3  100  100  100  100  100
4  100  100  100  100  100

     0    1    2    3    4
0    3   15  100  100   22
1  100   18   13  100  100
2   19    8  100   25  100
3   20  100  100  100  100
4  100  100   16   12    6

     0    1    2    3    4
0  100  100  100  100  100
1  100   16   15  100   19
2   18    8  100   26   20
3   22  100   13    6  100
4  100  100   12    3  100

